0.9982807017455361 0.0021662977524101734
0.9925149156579158 0.003965786658227444
0.9829604951709418 0.006912840995937586
0.9697000742490881 0.010931863449513912
0.9528488696307853 0.015921853482723236
0.9325540626231724 0.021760698407888412
0.9089938281970394 0.028309987857937813
0.8823759347407789 0.03541998192667961
0.8529358624273613 0.0429343581199646
0.8209344251818401 0.05069451034069061
0.786654919987673 0.05854322016239166
0.7503998565361497 0.06632762402296066
0.7124873421253695 0.07390162348747253
0.6732472066254196 0.08112779259681702
0.6330169378459594 0.08787901699542999
0.5921374968093713 0.09403999149799347
0.5509490577214866 0.09950876981019974
0.5097867139786081 0.10419834405183792
0.4689761871811856 0.10803832113742828
0.42882958439131086 0.11097653955221176
0.3894345946131434 0.11296523362398148
0.3507034659114069 0.11370737850666046
0.31347103438538076 0.1131398007273674
0.27798172502027074 0.111345574259758
0.24444568524818416 0.10843253135681152
0.21303563550069818 0.10452848672866821
0.18388479350554893 0.09977584332227707
# x, y
0.15708593523699033 0.09432587772607803
0.13269160352362452 0.08833301812410355
0.11071539100891521 0.08194947242736816
0.09113414732461451 0.07532045245170593
0.07389096133827903 0.06858029216527939
0.05889871092594957 0.06184954568743706
0.046044014645261463 0.05523309484124184
0.035191413348612234 0.04881936311721802
0.026187646689749114 0.042680393904447556
0.018865931450712067 0.0368727445602417
0.013050153319720894 0.03143897280097008
0.00855892625632849 0.026409480720758438
0.0052094866246106715 0.021804610267281532
0.0028213887815764565 0.017636729404330254
0.0012199871731952971 0.013912211172282696
2.3968140736885246E-4 0.010633207857608795
-2.7309694266292733E-4 0.007799128070473671
-4.571788858238553E-4 0.005407825578004122
-4.3425431809000287E-4 0.0034564812667667866
-3.0679732070207735E-4 0.0019422267796471715
-1.5633711933960622E-4 8.625502814538777E-4
0.0 0.0
1.8742608701955273E-4 -8.56332597322762E-4
4.6366806407623963E-4 -0.0019108556443825364
9.277632004247628E-4 -0.003357809968292713
0.001654911184407107 -0.005168458446860313
0.0027387679097643516 -0.007306754123419523
0.00428926356378397 -0.009729982353746891
0.006430031527690159 -0.012389522977173328
0.009295508607676476 -0.015231701545417309
0.01302776759417857 -0.018198734149336815
0.017773159614313208 -0.021229734644293785
0.023678849141195644 -0.024261798709630966
0.03088933273827059 -0.027231141924858093
0.03954303491512964 -0.03007432073354721
0.04976908576517738 -0.03272954747080803
0.0616843674844733 -0.035138096660375595
0.07539091622758556 -0.03724583238363266
0.09097374965947537 -0.03900489956140518
0.10849914313535398 -0.0403754748404026
0.12801336602239982 -0.041327644139528275
0.14954183930055415 -0.041843291372060776
0.17308862870522163 -0.041917867958545685
0.19863618264798844 -0.04156193137168884
0.22614516964136824 -0.04080229625105858
0.25555431475181506 -0.0396825335919857
0.28678011918042257 -0.03826269879937172
0.31971640889676517 -0.036618102341890335
0.35423372720225466 -0.034836992621421814
0.39017862254074526 -0.03301718458533287
0.4279331613898995 -0.03115553967654705
0.4669062086481395 -0.029064102098345757
0.5066365801492922 -0.02680051140487194
0.5468479176354795 -0.024435603991150856
0.587244475278357 -0.022036144509911537
0.6275140658527771 -0.019661730155348778
0.6673314544768392 -0.017362533137202263
0.7063621339209909 -0.015177993103861809
0.7442664007675904 -0.013136578723788261
0.7807036514345472 -0.011256507597863674
0.8153368177868446 -0.009547267109155655
0.847836885965922 -0.008011664263904095
0.8778874440478337 -0.006648078095167875
0.9051892217061527 -0.0054526133462786674
0.9294645801204323 -0.0044208974577486515
0.9504618952581054 -0.003549333428964019
0.9679597568905093 -0.0028357459232211113
0.9817708770298096 -0.002279461594298482
0.9917455759387197 -0.0018809485482051969
0.9977747020113553 -0.0016412159893661737
0.9997918421405858 -0.0015611839480698109